name: sa
channels:
  - conda-forge
  - defaults
dependencies:
  - asttokens=2.4.1=pyhd8ed1ab_0
  - bzip2=1.0.8=h2bbff1b_6
  - ca-certificates=2024.3.11=haa95532_0
  - colorama=0.4.6=pyhd8ed1ab_0
  - comm=0.2.2=pyhd8ed1ab_0
  - debugpy=1.8.1=py311h12c1d0e_0
  - decorator=5.1.1=pyhd8ed1ab_0
  - exceptiongroup=1.2.0=pyhd8ed1ab_2
  - executing=2.0.1=pyhd8ed1ab_0
  - importlib-metadata=7.1.0=pyha770c72_0
  - importlib_metadata=7.1.0=hd8ed1ab_0
  - ipykernel=6.29.3=pyha63f2e9_0
  - ipython=8.22.2=pyh7428d3b_0
  - jedi=0.19.1=pyhd8ed1ab_0
  - jupyter_client=8.6.1=pyhd8ed1ab_0
  - jupyter_core=5.7.2=py311h1ea47a8_0
  - libffi=3.4.4=hd77b12b_1
  - libsodium=1.0.18=h8d14728_1
  - matplotlib-inline=0.1.7=pyhd8ed1ab_0
  - nest-asyncio=1.6.0=pyhd8ed1ab_0
  - openssl=3.3.0=hcfcfb64_0
  - packaging=24.0=pyhd8ed1ab_0
  - parso=0.8.4=pyhd8ed1ab_0
  - pickleshare=0.7.5=py_1003
  - pip=23.3.1=py311haa95532_0
  - platformdirs=4.2.1=pyhd8ed1ab_0
  - prompt-toolkit=3.0.42=pyha770c72_0
  - psutil=5.9.8=py311ha68e1ae_0
  - pure_eval=0.2.2=pyhd8ed1ab_0
  - pygments=2.17.2=pyhd8ed1ab_0
  - python=3.11.9=he1021f5_0
  - python_abi=3.11=2_cp311
  - pywin32=306=py311h12c1d0e_2
  - pyzmq=26.0.2=py311h484c95c_0
  - setuptools=68.2.2=py311haa95532_0
  - six=1.16.0=pyh6c4a22f_0
  - sqlite=3.45.3=h2bbff1b_0
  - stack_data=0.6.2=pyhd8ed1ab_0
  - tk=8.6.12=h2bbff1b_0
  - tornado=6.4=py311ha68e1ae_0
  - traitlets=5.14.3=pyhd8ed1ab_0
  - typing_extensions=4.11.0=pyha770c72_0
  - ucrt=10.0.22621.0=h57928b3_0
  - vc=14.2=h21ff451_1
  - vc14_runtime=14.38.33130=h82b7239_18
  - vs2015_runtime=14.38.33130=hcb4865c_18
  - wcwidth=0.2.13=pyhd8ed1ab_0
  - wheel=0.43.0=py311haa95532_0
  - xz=5.4.6=h8cc25b3_1
  - zeromq=4.3.5=he0c23c2_3
  - zipp=3.17.0=pyhd8ed1ab_0
  - zlib=1.2.13=h8cc25b3_1
  - pip:
      - beautifulsoup4==4.12.3
      - certifi==2024.2.2
      - charset-normalizer==3.3.2
      - filelock==3.14.0
      - fsspec==2024.3.1
      - huggingface-hub==0.23.0
      - idna==3.7
      - intel-openmp==2021.4.0
      - jinja2==3.1.3
      - markupsafe==2.1.5
      - mkl==2021.4.0
      - mpmath==1.3.0
      - networkx==3.3
      - numpy==1.26.4
      - pandas==2.2.2
      - pillow==10.3.0
      - pyaudio==0.2.14
      - python-dateutil==2.9.0.post0
      - pytz==2024.1
      - pyyaml==6.0.1
      - regex==2024.4.28
      - requests==2.31.0
      - safetensors==0.4.3
      - soupsieve==2.5
      - speechrecognition==3.10.3
      - sympy==1.12
      - tbb==2021.12.0
      - tokenizers==0.19.1
      - torch==2.3.0
      - torchaudio==2.3.0
      - torchvision==0.18.0
      - tqdm==4.66.4
      - transformers==4.40.1
      - tzdata==2024.1
      - urllib3==2.2.1
